  0.0	1.450	  0.0	1.450	  0.0	1.450	  0.0	1.450	  0.0	1.450	  0.0	1.450	  0.0	
1.450		1.450		1.450		1.450		1.450		1.450		1.450		
  0.0	1.450	  0.0	1.450	  0.0	1.450	  0.0	1.450	  0.0	1.450	  0.0	1.450	  0.0	
1.450		1.450		1.385		1.325		1.450		1.450		1.450		
  0.0	1.450	  0.0	1.385	2000.0	1.353	4000.0	1.325	  0.0	1.450	  0.0	1.450	  0.0	
1.450		1.450		1.353		1.220		1.450		1.450		1.450		
  0.0	1.450	  0.0	1.325	4000.0	1.220	10000.0	1.173	  0.0	1.450	  0.0	1.450	  0.0	
1.450		1.450		1.325		1.173		1.450		1.450		1.450		
  0.0	1.450	  0.0	1.450	  0.0	1.450	  0.0	1.450	  0.0	1.450	  0.0	1.450	  0.0	
1.450		1.450		1.450		1.450		1.450		1.450		1.450		
  0.0	1.450	  0.0	1.450	  0.0	1.450	  0.0	1.450	  0.0	1.450	  0.0	1.450	  0.0	
1.450		1.450		1.450		1.450		1.450		1.450		1.450		
  0.0	1.450	  0.0	1.450	  0.0	1.450	  0.0	1.450	  0.0	1.450	  0.0	1.450	  0.0	


-0.000	27.693	52.990	-0.000	
27.693	-1.248	-59.869	52.990	
52.990	-59.869	-381.056	117.349	
-0.000	52.990	117.349	-0.000	

-0.803	0.827	3.297	-1.535	
0.827	0.740	-0.113	1.999	
3.297	-0.113	-16.690	9.231	
-1.535	1.999	9.231	-3.394	

-0.071	0.008	0.209	-0.166	
0.008	0.020	0.092	0.015	
0.209	0.092	-0.864	0.702	
-0.166	0.015	0.702	-0.464	

-0.005	-0.001	0.016	-0.014	
-0.001	-0.001	0.004	-0.006	
0.016	0.004	-0.044	0.055	
-0.014	-0.006	0.055	-0.049	

-0.000	0.000	0.003	-0.001	
0.000	0.000	-0.006	0.001	
0.003	-0.006	0.005	0.003	
-0.001	0.001	0.003	-0.005	

-0.000	0.001	0.002	-0.000	
0.001	0.000	-0.007	0.002	
0.002	-0.007	0.008	-0.001	
-0.000	0.002	-0.001	-0.000	

2000 to 0
1.38462753658
1.38462753658

4000 to 0
1.32474167939
1.32474167939

4000 to 2000
1.35343598662
1.35343598662

10000 to 4000
1.21965620464
1.21965620464

10000 to 0
1.17348766442
1.17348766442

0 to 0
1.45
1.45

0.000	27.693	52.990	0.000	
27.693	1998.752	3940.131	52.990	
52.990	3940.131	9618.944	117.349	
0.000	52.990	117.349	0.000	

-0.000	27.693	52.990	-0.000	
27.693	-1.248	-59.869	52.990	
52.990	-59.869	-381.056	117.349	
-0.000	52.990	117.349	-0.000	

-0.803	0.827	3.296	-1.535	
0.827	0.739	-0.113	1.998	
3.296	-0.113	-16.688	9.233	
-1.535	1.998	9.233	-3.394	

-0.071	0.008	0.209	-0.166	
0.008	0.020	0.093	0.015	
0.209	0.093	-0.866	0.702	
-0.166	0.015	0.702	-0.464	

-0.005	-0.001	0.016	-0.014	
-0.001	-0.001	0.004	-0.006	
0.016	0.004	-0.045	0.055	
-0.014	-0.006	0.055	-0.049	

-0.000	0.000	0.003	-0.001	
0.000	0.000	-0.006	0.001	
0.003	-0.006	0.005	0.003	
-0.001	0.001	0.003	-0.005	

-0.000	0.001	0.002	-0.000	
0.001	0.000	-0.007	0.002	
0.002	-0.007	0.008	-0.001	
-0.000	0.002	-0.001	-0.000	

-0.000	0.001	0.002	-0.000	
0.001	0.001	-0.007	0.002	
0.002	-0.007	0.008	-0.001	
-0.000	0.002	-0.001	-0.000	

-0.000	0.001	0.002	-0.000	
0.001	0.001	-0.007	0.002	
0.002	-0.007	0.008	-0.001	
-0.000	0.002	-0.001	0.000	

-0.000	0.001	0.002	-0.000	
0.001	0.001	-0.007	0.002	
0.002	-0.007	0.008	-0.001	
-0.000	0.002	-0.001	0.000	
2000 to 0
1.38462753658
1.38462753658

4000 to 0
1.32474167939
1.32474167939

4000 to 2000
1.35343598662
1.35343598662

10000 to 4000
1.21965620464
1.21965620464

10000 to 0
1.17348766442
1.17348766442

0 to 0
1.45
1.45
